44885 145.899994
44881 401.554705
44881 401.545070
44884 401.547573
44889 401.749953
44887 401.951400
44878 437.200000
43835 401.799842
43157 400.799404
42000 400.300320
43813 400.550017
44488 401.649893
25984 400.100118
44353 400.900026
44889 402.249708
44852 402.379749
43834 400.661362
43813 401.050042
44349 401.400043
43744 401.539912
43893 401.833911
43130 402.009757
44884 402.047350
43837 402.106252
44705 402.299917
43884 403.139970
43196 401.300012
43548 401.299618
43665 402.106382
25984 400.600152
44343 401.399997
44358 401.400005
44353 401.399984
42000 400.800197
42786 401.650143
42783 401.650014
42785 401.650000
42867 401.800155
42867 401.837584
42860 401.800017
44499 402.000070
44085 403.170422
43737 401.619791
43143 401.699479
43836 402.193738
44886 402.450939
41996 403.260232
42840 403.170191
41991 403.140831
42779 403.200553
43125 403.259562
43124 403.169520
43126 403.199798
43144 401.539886
43835 402.299848
43839 400.687111
42010 401.833590
43727 401.833564
42031 401.833448
43788 401.833809
43734 401.833623
